"","id","name","position","team"
"1","1600","Floyd, Malcom","WR","SDC"
"2","2705","Owens, Terrell","WR","FA"
"3","2918","Gonzalez, Tony","TE","ATL"
"4","3196","Kitna, Jon","QB","DAL"
"5","3291","Manning, Peyton","QB","DEN"
"6","3309","Moss, Randy","WR","FA"
"7","3340","Batch, Charlie","QB","PIT"
"8","3445","Hasselbeck, Matt","QB","IND"
"9","3969","Stokley, Brandon","WR","BAL"
"10","4077","Driver, Donald","WR","FA"
"11","4891","Vick, Michael","QB","PHI"
"12","4907","Moss, Santana","WR","WAS"
"13","4923","Wayne, Reggie","WR","IND"
"14","4924","Heap, Todd","TE","FA"
"15","4925","Brees, Drew","QB","NOS"
"16","4929","Johnson, Chad","WR","FA"
"17","4974","Smith, Steve","WR","CAR"
"18","5657","Burress, Plaxico","WR","PIT"
"19","5848","Brady, Tom","QB","NEP"
"20","5879","Jennings, Brian","TE","FA"
"21","6509","Carr, David","QB","FA"
"22","6521","Stallworth, Donte'","WR","FA"
"23","6529","Graham, Daniel","TE","FA"
"24","6541","Gaffney, Jabar","WR","FA"
"25","6573","Branch, Deion","WR","IND"
"26","6589","McCown, Josh","QB","CHI"
"27","6616","Garrard, David","QB","NYJ"
"28","6622","McMichael, Randy","TE","FA"
"29","6929","Palmer, Carson","QB","ARI"
"30","6931","Johnson, Andre","WR","HOU"
"31","6935","Leftwich, Byron","QB","PIT"
"32","6950","Grossman, Rex","QB","WAS"
"33","6951","McGahee, Willis","RB","CLE"
"34","6952","Clark, Dallas","TE","BAL"
"35","6982","Boldin, Anquan","WR","SFO"
"36","6997","Witten, Jason","TE","DAL"
"37","6999","Burleson, Nate","WR","DET"
"38","7019","Shiancoe, Visanthe","TE","FA"
"39","7038","Wallace, Seneca","QB","GBP"
"40","7052","Lloyd, Brandon","WR","FA"
"41","7183","Walter, Kevin","WR","TEN"
"42","7194","Hill, Shaun","QB","DET"
"43","7236","Gates, Antonio","TE","SDC"
"44","7239","Osgood, Kassim","WR","SFO"
"45","7260","Romo, Tony","QB","DAL"
"46","7291","Heller, Will","TE","FA"
"47","7391","Manning, Eli","QB","NYG"
"48","7393","Fitzgerald, Larry","WR","ARI"
"49","7394","Rivers, Philip","QB","SDC"
"50","7396","Winslow, Kellen","TE","NYJ"
"51","7401","Roethlisberger, Ben","QB","PIT"
"52","7414","Jackson, Steven","RB","ATL"
"53","7419","Jenkins, Michael","WR","FA"
"54","7422","Watson, Ben","TE","NOS"
"55","7440","Henderson, Devery","WR","FA"
"56","7445","Jones, Greg","RB","HOU"
"57","7458","Hartsock, Ben","TE","CAR"
"58","7471","Cooley, Chris","TE","FA"
"59","7480","Schaub, Matt","QB","HOU"
"60","7496","McCown, Luke","QB","NOS"
"61","7498","Cotchery, Jerricho","WR","PIT"
"62","7509","Moore, Mewelde","RB","FA"
"63","7544","Turner, Michael","RB","FA"
"64","7653","Welker, Wes","WR","DEN"
"65","7742","Copper, Terrance","WR","FA"
"66","7777","Leach, Vonta","RB","BAL"
"67","7813","Smith, Alex","QB","KCC"
"68","7814","Brown, Ronnie","RB","SDC"
"69","7815","Edwards, Braylon","WR","FA"
"70","7816","Benson, Cedric","RB","FA"
"71","7836","Rodgers, Aaron","QB","GBP"
"72","7837","Campbell, Jason","QB","CLE"
"73","7839","White, Roddy","WR","ATL"
"74","7842","Miller, Heath","TE","PIT"
"75","7867","Parrish, Roscoe","WR","FA"
"76","7873","Jackson, Vincent","WR","TBB"
"77","7877","Gore, Frank","RB","SFO"
"78","7880","Roby, Courtney","WR","FA"
"79","7883","Smith, Alex","TE","CIN"
"80","7918","Orton, Kyle","QB","DAL"
"81","7922","Jacobs, Brandon","RB","FA"
"82","7942","Sproles, Darren","RB","NOS"
"83","7957","Orlovsky, Dan","QB","TBB"
"84","8010","Dreessen, Joel","TE","DEN"
"85","8025","Anderson, Derek","QB","CAR"
"86","8042","Cassel, Matt","QB","MIN"
"87","8061","Bajema, Billy","TE","BAL"
"88","8062","Fitzpatrick, Ryan","QB","TEN"
"89","8072","Cribbs, Josh","WR","NYJ"
"90","8117","Washington, Nate","WR","TEN"
"91","8139","McIntyre, Corey","RB","FA"
"92","8178","Moore, Lance","WR","NOS"
"93","8243","Bush, Reggie","RB","DET"
"94","8244","Young, Vince","QB","FA"
"95","8247","Davis, Vernon","TE","SFO"
"96","8251","Leinart, Matt","QB","FA"
"97","8252","Cutler, Jay","QB","CHI"
"98","8266","Holmes, Santonio","WR","NYJ"
"99","8268","Williams, DeAngelo","RB","CAR"
"100","8269","Lewis, Marcedes","TE","JAC"
"101","8290","Clemens, Kellen","QB","STL"
"102","8293","Jennings, Greg","WR","MIN"
"103","8294","Fasano, Anthony","TE","KCC"
"104","8298","Hester, Devin","WR","CHI"
"105","8301","Jones-Drew, Maurice","RB","JAC"
"106","8302","Scheffler, Tony","TE","FA"
"107","8305","Jackson, Tarvaris","QB","SEA"
"108","8313","Pope, Leonard","TE","FA"
"109","8322","Whitehurst, Charlie","QB","SDC"
"110","8323","Hagan, Derek","WR","FA"
"111","8327","Thomas, Dave","TE","FA"
"112","8331","Stovall, Maurice","WR","FA"
"113","8339","Daniels, Owen","TE","HOU"
"114","8341","Robinson, Michael","RB","SEA"
"115","8344","Smith, Brad","WR","PHI"
"116","8350","Avant, Jason","WR","PHI"
"117","8358","Washington, Leon","RB","TEN"
"118","8360","Marshall, Brandon","WR","CHI"
"119","8371","Hixon, Domenik","WR","CAR"
"120","8396","King, Jeff","TE","ARI"
"121","8416","Walker, Delanie","TE","TEN"
"122","8421","Vickers, Lawrence","RB","FA"
"123","8435","Gradkowski, Bruce","QB","PIT"
"124","8474","Aromashodu, Devin","WR","FA"
"125","8490","Obomanu, Ben","WR","FA"
"126","8493","Colston, Marques","WR","NOS"
"127","8510","Austin, Miles","WR","DAL"
"128","8517","Martin, Ruvell","WR","FA"
"129","8532","Fells, Daniel","TE","NYG"
"130","8549","Owens, Montell","RB","DET"
"131","8559","Camarillo, Greg","WR","FA"
"132","8590","Kuhn, John","RB","GBP"
"133","8641","Spurlock, Micheal","WR","DET"
"134","8656","Russell, JaMarcus","QB","FA"
"135","8657","Johnson, Calvin","WR","DET"
"136","8658","Peterson, Adrian","RB","MIN"
"137","8659","Quinn, Brady","QB","STL"
"138","8667","Bowe, Dwayne","WR","KCC"
"139","8670","Lynch, Marshawn","RB","SEA"
"140","8673","Ginn Jr., Ted","WR","CAR"
"141","8679","Rice, Sidney","WR","SEA"
"142","8680","Meachem, Robert","WR","NOS"
"143","8683","Miller, Zach","TE","SEA"
"144","8685","Bush, Michael","RB","CHI"
"145","8687","Olsen, Greg","TE","CAR"
"146","8702","Smith, Steve","WR","FA"
"147","8707","Edwards, Trent","QB","OAK"
"148","8709","Leonard, Brian","RB","TBB"
"149","8712","Stanton, Drew","QB","ARI"
"150","8723","Booker, Lorenzo","RB","FA"
"151","8735","Chandler, Scott","TE","BUF"
"152","8736","Spaeth, Matt","TE","PIT"
"153","8758","Kolb, Kevin","QB","BUF"
"154","8767","Jackson, Brandon","RB","FA"
"155","8772","Jones, Jacoby","WR","BAL"
"156","8774","Robinson, Laurent","WR","FA"
"157","8775","Hill, Jason","WR","FA"
"158","8776","Jones, James","WR","GBP"
"159","8777","Sims-Walker, Mike","WR","FA"
"160","8817","McClain, Le'Ron","RB","SDC"
"161","8822","Breaston, Steve","WR","FA"
"162","8830","Boss, Kevin","TE","FA"
"163","8832","Rosario, Dante","TE","CHI"
"164","8838","Celek, Brent","TE","PHI"
"165","8847","Naanee, Legedu","WR","FA"
"166","8875","Palmer, Jordan","QB","CHI"
"167","8887","Thigpen, Tyler","QB","FA"
"168","8910","Harris, Clark","TE","CIN"
"169","8911","Snelling, Jason","RB","ATL"
"170","8917","Bradshaw, Ahmad","RB","IND"
"171","8931","Thomas, Pierre","RB","NOS"
"172","8932","Grant, Ryan","RB","FA"
"173","8934","Jackson, Fred","RB","BUF"
"174","8944","Moore, Matt","QB","MIA"
"175","9005","Willis, Matt","WR","FA"
"176","9015","Ware, D.J.","RB","FA"
"177","9017","Battle, Jackie","RB","TEN"
"178","9040","Avery, Donnie","WR","KCC"
"179","9044","Bennett, Martellus","TE","CHI"
"180","9050","Caldwell, Andre","WR","DEN"
"181","9052","Carlson, John","TE","MIN"
"182","9054","Charles, Jamaal","RB","KCC"
"183","9058","Davis, Fred","TE","WAS"
"184","9061","Doucet, Early","WR","FA"
"185","9064","Flacco, Joe","QB","BAL"
"186","9073","Henne, Chad","QB","JAC"
"187","9075","Jackson, DeSean","WR","PHI"
"188","9078","Johnson, Chris","RB","TEN"
"189","9079","Jones, Felix","RB","PIT"
"190","9080","Keller, Dustin","TE","MIA"
"191","9085","Manningham, Mario","WR","SFO"
"192","9087","McFadden, Darren","RB","OAK"
"193","9089","Mendenhall, Rashard","RB","ARI"
"194","9094","Rice, Ray","RB","BAL"
"195","9098","Rucker, Martin","TE","FA"
"196","9099","Ryan, Matt","QB","ATL"
"197","9101","Stewart, Jonathan","RB","CAR"
"198","9118","Nelson, Jordy","WR","GBP"
"199","9120","Royal, Eddie","WR","SDC"
"200","9122","Forte, Matt","RB","CHI"
"201","9124","Simpson, Jerome","WR","MIN"
"202","9132","Smith, Kevin","RB","FA"
"203","9136","Hester, Jacob","RB","FA"
"204","9137","Bennett, Earl","WR","CHI"
"205","9144","Douglas, Harry","WR","ATL"
"206","9145","Stevens, Craig","TE","TEN"
"207","9149","Slaton, Steve","RB","FA"
"208","9150","Finley, Jermichael","TE","GBP"
"209","9171","Choice, Tashard","RB","IND"
"210","9175","Hawkins, Lavelle","WR","SDC"
"211","9176","Tamme, Jacob","TE","DEN"
"212","9187","Torain, Ryan","RB","FA"
"213","9189","Barnidge, Gary","TE","CLE"
"214","9193","Felton, Jerome","RB","MIN"
"215","9196","Hightower, Tim","RB","FA"
"216","9200","Slater, Matt","WR","NEP"
"217","9203","Dixon, Dennis","QB","FA"
"218","9205","Davis, Kellen","TE","SEA"
"219","9207","Johnson, Josh","QB","CIN"
"220","9210","Schmitt, Owen","RB","FA"
"221","9221","Morgan, Josh","WR","WAS"
"222","9223","Parmele, Jalen","RB","FA"
"223","9230","Larsen, Spencer","RB","TBB"
"224","9249","Hilliard, Lex","RB","NYJ"
"225","9250","Garcon, Pierre","WR","WAS"
"226","9254","Flynn, Matt","QB","GBP"
"227","9269","Johnson, Stevie","WR","BUF"
"228","9271","Schilens, Chaz","WR","FA"
"229","9272","Hillis, Peyton","RB","NYG"
"230","9278","Forsett, Justin","RB","JAC"
"231","9282","Arrington, Adrian","WR","FA"
"232","9301","Bess, Davone","WR","CLE"
"233","9308","Amendola, Danny","WR","NEP"
"234","9309","Hanie, Caleb","QB","FA"
"235","9311","Lumpkin, Kregg","RB","FA"
"236","9313","Cox, Mike","RB","FA"
"237","9315","Tolbert, Mike","RB","CAR"
"238","9347","Green-Ellis, BenJarvus","RB","CIN"
"239","9383","Weems, Eric","WR","CHI"
"240","9389","Reynaud, Darius","RB","NYJ"
"241","9396","Collins, Jed","RB","NOS"
"242","9418","Ball, Lance","RB","FA"
"243","9427","Crabtree, Michael","WR","SFO"
"244","9429","Sanchez, Mark","QB","NYJ"
"245","9431","Stafford, Matthew","QB","DET"
"246","9436","Maclin, Jeremy","WR","PHI"
"247","9437","Moreno, Knowshon","RB","DEN"
"248","9440","Wells, Beanie","RB","FA"
"249","9441","Harvin, Percy","WR","SEA"
"250","9444","Pettigrew, Brandon","TE","DET"
"251","9448","McCoy, LeSean","RB","PHI"
"252","9450","Nicks, Hakeem","WR","NYG"
"253","9452","Heyward-Bey, Darrius","WR","IND"
"254","9454","Coffman, Chase","TE","ATL"
"255","9456","Brown, Donald","RB","IND"
"256","9458","Greene, Shonn","RB","TEN"
"257","9460","Freeman, Josh","QB","MIN"
"258","9467","Britt, Kenny","WR","TEN"
"259","9474","Cook, Jared","TE","STL"
"260","9477","Beckum, Travis","TE","FA"
"261","9480","Casey, James","TE","PHI"
"262","9489","Robiskie, Brian","WR","FA"
"263","9493","White, Pat","QB","FA"
"264","9498","Massaquoi, Mohamed","WR","FA"
"265","9524","Tate, Brandon","WR","CIN"
"266","9525","Wallace, Mike","WR","MIA"
"267","9526","Barden, Ramses","WR","BUF"
"268","9528","Turner, Patrick","WR","FA"
"269","9531","Butler, Deon","WR","FA"
"270","9538","McGee, Stephen","QB","FA"
"271","9544","Thomas, Mike","WR","HOU"
"272","9545","Hartline, Brian","WR","MIA"
"273","9548","Goodson, Mike","RB","NYJ"
"274","9560","Murphy, Louis","WR","NYG"
"275","9563","Collie, Austin","WR","NEP"
"276","9564","Fiammetta, Tony","RB","CHI"
"277","9565","Brown, Andre","RB","NYG"
"278","9575","Knox, Johnny","WR","FA"
"279","9579","Dillard, Jarett","WR","FA"
"280","9580","Johnson, Quinn","RB","TEN"
"281","9601","Summers, Frank","RB","BUF"
"282","9604","Ringer, Javon","RB","FA"
"283","9615","Pascoe, Bear","TE","NYG"
"284","9616","Peerman, Cedric","RB","CIN"
"285","9625","Gibson, Brandon","WR","MIA"
"286","9631","Painter, Curtis","QB","NYG"
"287","9632","Myers, Brandon","TE","NYG"
"288","9638","Phillips, John","TE","SDC"
"289","9639","Scott, Bernard","RB","BAL"
"290","9641","Ogbonnaya, Chris","RB","CLE"
"291","9662","Edelman, Julian","WR","NEP"
"292","9663","Stroughter, Sammie","WR","FA"
"293","9667","O'Connell, Jake","TE","FA"
"294","9670","Stephens-Howling, LaRod","RB","PIT"
"295","9671","Johnson, David","TE","PIT"
"296","9680","Jennings, Rashad","RB","OAK"
"297","9683","Underwood, Tiquan","WR","TBB"
"298","9687","Sheets, Kory","RB","FA"
"299","9690","Foster, Arian","RB","HOU"
"300","9693","Woodhead, Danny","RB","SDC"
"301","9697","Armstrong, Anthony","WR","FA"
"302","9700","Ogletree, Kevin","WR","DET"
"303","9701","Cosby, Quan","WR","FA"
"304","9705","Redman, Isaac","RB","FA"
"305","9706","Daniel, Chase","QB","KCC"
"306","9710","Logan, Stefan","RB","FA"
"307","9714","Hoyer, Brian","QB","CLE"
"308","9718","Ajirotutu, Seyi","WR","SDC"
"309","9719","Mulligan, Matthew","TE","NEP"
"310","9755","Pressley, Chris","RB","FA"
"311","9759","Sperry, Kory","TE","ARI"
"312","9764","Martin, Charly","WR","FA"
"313","9770","Bell, Kahlil","RB","GBP"
"314","9782","Bartel, Richard","QB","FA"
"315","9783","Norwood, Jordan","WR","DEN"
"316","9784","Miller, Brit","RB","FA"
"317","9787","Moore, Evan","TE","FA"
"318","9797","Bolen, Brock","RB","FA"
"319","9802","Reece, Marcel","RB","OAK"
"320","9805","Potter, Zach","TE","FA"
"321","9817","Bradford, Sam","QB","STL"
"322","9818","Clausen, Jimmy","QB","FA"
"323","9822","Spiller, C.J.","RB","BUF"
"324","9823","Bryant, Dez","WR","DAL"
"325","9830","Hernandez, Aaron","TE","FA"
"326","9831","Tate, Golden","WR","SEA"
"327","9834","Dwyer, Jonathan","RB","PIT"
"328","9838","Gresham, Jermaine","TE","CIN"
"329","9839","Best, Jahvid","RB","FA"
"330","9843","LaFell, Brandon","WR","CAR"
"331","9845","Gilyard, Mardy","WR","FA"
"332","9851","Mathews, Ryan","RB","SDC"
"333","9854","Williams, Damian","WR","TEN"
"334","9856","McCluster, Dexter","WR","KCC"
"335","9859","Benn, Arrelious","WR","PHI"
"336","9862","Tebow, Tim","QB","FA"
"337","9874","Ford, Jacoby","WR","OAK"
"338","9880","Gerhart, Toby","RB","MIN"
"339","9881","Decker, Eric","WR","DEN"
"340","9884","Thomas, Demaryius","WR","DEN"
"341","9892","McKnight, Joe","RB","KCC"
"342","9896","Briscoe, Dezmon","WR","FA"
"343","9898","Blount, LeGarrette","RB","NEP"
"344","9899","McCoy, Colt","QB","SFO"
"345","9900","Shipley, Jordan","WR","FA"
"346","9902","Gronkowski, Rob","TE","NEP"
"347","9907","Tate, Ben","RB","HOU"
"348","9908","Hardesty, Montario","RB","FA"
"349","9912","Dickson, Ed","TE","BAL"
"350","9918","Sanders, Emmanuel","WR","PIT"
"351","9921","Roberts, Andre","WR","ARI"
"352","9922","Edwards, Armanti","WR","FA"
"353","9924","Moeaki, Tony","TE","BUF"
"354","9925","Graham, Jimmy","TE","NOS"
"355","9927","Williams, Mike","WR","TBB"
"356","9931","Easley, Marcus","WR","BUF"
"357","9933","Pitta, Dennis","TE","BAL"
"358","9936","Graham, Garrett","TE","HOU"
"359","9939","Kafka, Mike","QB","FA"
"360","9941","Harbor, Clay","TE","JAC"
"361","9946","Hoomanawanui, Michael","TE","NEP"
"362","9950","Conner, John","RB","NYG"
"363","9960","Quarless, Andrew","TE","GBP"
"364","9961","Skelton, John","QB","FA"
"365","9962","Reed, David","WR","SFO"
"366","9964","Cooper, Riley","WR","PHI"
"367","9972","Onobun, Fendi","TE","CHI"
"368","9975","Dixon, Anthony","RB","SFO"
"369","9977","Smith, Rusty","QB","TEN"
"370","9979","Karim, Deji","RB","HOU"
"371","9980","Byham, Nate","TE","TBB"
"372","9982","McCoy, Anthony","TE","SEA"
"373","9987","Starks, James","RB","GBP"
"374","9988","Brown, Antonio","WR","PIT"
"375","9990","Holliday, Trindon","WR","DEN"
"376","9991","Gettis, David","WR","WAS"
"377","9992","Webb, Joe","WR","MIN"
"378","9997","Williams, Kyle","WR","KCC"
"379","10009","Mariani, Marc","WR","TEN"
"380","10012","Dickerson, Dorin","TE","DET"
"381","10015","Dray, Jim","TE","ARI"
"382","10035","Lorig, Erik","RB","TBB"
"383","10048","Bell, Joique","RB","DET"
"384","10061","Hall, Chad","WR","FA"
"385","10062","Toston, Keith","RB","FA"
"386","10064","Harrell, Graham","QB","FA"
"387","10066","Williams, Keiland","RB","FA"
"388","10067","Smith, Antone","RB","ATL"
"389","10069","Unga, Harvey","RB","FA"
"390","10071","Brinkley, Curtis","RB","FA"
"391","10072","Nelson, David","WR","NYJ"
"392","10075","Williams, Stephen","WR","JAC"
"393","10077","Ivory, Chris","RB","NYJ"
"394","10080","Cruz, Victor","WR","NYG"
"395","10082","Alexander, Danario","WR","SDC"
"396","10088","Moore, Marlon","WR","MIA"
"397","10093","Gronkowski, Chris","RB","SDC"
"398","10096","Banks, Brandon","WR","FA"
"399","10097","Lewis, Thaddeus","QB","BUF"
"400","10098","Jones, Donald","WR","FA"
"401","10102","Crabtree, Tom","TE","TBB"
"402","10109","Parker, Preston","WR","NYG"
"403","10110","Young, Darrel","RB","WAS"
"404","10113","Palmer, Michael","TE","PIT"
"405","10123","Paulsen, Logan","TE","WAS"
"406","10139","Cumberland, Jeff","TE","NYJ"
"407","10154","Mastrud, Jeron","TE","OAK"
"408","10164","James, Javarris","RB","ARI"
"409","10170","Goodman, Richard","WR","FA"
"410","10196","Vaughan, Josh","RB","ATL"
"411","10203","Smith, Alfonso","RB","ARI"
"412","10205","Ballard, Jake","TE","ARI"
"413","10233","Williams, Teddy","WR","ARI"
"414","10261","Green, A.J.","WR","CIN"
"415","10262","Gabbert, Blaine","QB","JAC"
"416","10268","Mallett, Ryan","QB","NEP"
"417","10271","Jones, Julio","WR","ATL"
"418","10273","Newton, Cam","QB","CAR"
"419","10276","Ingram, Mark","RB","NOS"
"420","10279","Locker, Jake","QB","TEN"
"421","10281","Leshoure, Mikel","RB","DET"
"422","10286","Baldwin, Jon","WR","SFO"
"423","10288","Jernigan, Jerrel","WR","NYG"
"424","10289","Smith, Torrey","WR","BAL"
"425","10296","Ponder, Christian","QB","MIN"
"426","10297","Kaepernick, Colin","QB","SFO"
"427","10298","Williams, Ryan","RB","ARI"
"428","10299","Thomas, Daniel","RB","MIA"
"429","10300","Rodgers, Jacquizz","RB","ATL"
"430","10301","Todman, Jordan","RB","JAC"
"431","10302","Murray, DeMarco","RB","DAL"
"432","10303","Vereen, Shane","RB","NEP"
"433","10304","Carter, Delone","RB","JAC"
"434","10305","Hunter, Kendall","RB","SFO"
"435","10307","Hankerson, Leonard","WR","WAS"
"436","10308","Cobb, Randall","WR","GBP"
"437","10309","Young, Titus","WR","FA"
"438","10310","Doss, Tandon","WR","BAL"
"439","10311","Pettis, Austin","WR","STL"
"440","10312","Rudolph, Kyle","TE","MIN"
"441","10313","Dalton, Andy","QB","CIN"
"442","10316","Stanzi, Ricky","QB","JAC"
"443","10318","Kendricks, Lance","TE","STL"
"444","10327","Little, Greg","WR","CLE"
"445","10333","Housler, Robert","TE","ARI"
"446","10334","Ridley, Stevan","RB","NEP"
"447","10338","Brown, Vincent","WR","SDC"
"448","10347","Green, Alex","RB","NYJ"
"449","10352","Cameron, Jordan","TE","CLE"
"450","10354","Stocker, Luke","TE","TBB"
"451","10355","Helu, Roy","RB","WAS"
"452","10356","Durham, Kris","WR","DET"
"453","10359","Gates, Clyde","WR","NYJ"
"454","10360","Salas, Greg","WR","NYJ"
"455","10362","Shorts, Cecil","WR","JAC"
"456","10367","Marecic, Owen","RB","FA"
"457","10368","Jones, Taiwan","RB","OAK"
"458","10369","Powell, Bilal","RB","NYJ"
"459","10372","Thomas, Julius","TE","DEN"
"460","10373","Harper, Jamie","RB","FA"
"461","10375","Pilares, Kealoha","WR","CAR"
"462","10376","White, Johnny","RB","FA"
"463","10378","Sherman, Anthony","RB","KCC"
"464","10382","Williams, D.J.","TE","NEP"
"465","10388","Moore, Denarius","WR","OAK"
"466","10389","Lewis, Dion","RB","CLE"
"467","10391","Yates, T.J.","QB","HOU"
"468","10392","Kerley, Jeremy","WR","NYJ"
"469","10394","Paul, Niles","TE","WAS"
"470","10398","Smith, Lee","TE","BUF"
"471","10404","Whalen, Ryan","WR","CIN"
"472","10409","Clay, Charles","TE","MIA"
"473","10410","Harris, Dwayne","WR","DAL"
"474","10411","Royster, Evan","RB","WAS"
"475","10412","Robinson, Aldrick","WR","WAS"
"476","10413","Taylor, Tyrod","QB","BAL"
"477","10414","Gordon, Richard","TE","KCC"
"478","10432","Green, Virgil","TE","DEN"
"479","10436","McElroy, Greg","QB","CIN"
"480","10437","Miller, Bruce","RB","SFO"
"481","10442","Taylor, Ryan","TE","GBP"
"482","10445","Scott, Da'Rel","RB","FA"
"483","10449","Allen, Anthony","RB","BUF"
"484","10456","Batch, Baron","RB","FA"
"485","10460","Burton, Stephen","WR","JAC"
"486","10463","Havili, Stanley","RB","IND"
"487","10464","Ausberry, David","TE","OAK"
"488","10476","Devlin, Pat","QB","MIA"
"489","10480","Saunders, Weslye","TE","IND"
"490","10481","Fannin, Mario","RB","FA"
"491","10482","Evans, Darren","RB","FA"
"492","10491","Saine, Brandon","RB","FA"
"493","10493","Gurley, Tori","WR","CLE"
"494","10494","Toliver, Terrence","WR","CHI"
"495","10495","Binns, Armon","WR","MIA"
"496","10496","Lockette, Ricardo","WR","SEA"
"497","10497","Sanzenbacher, Dane","WR","CIN"
"498","10498","Tolzien, Scott","QB","GBP"
"499","10499","Berry, Damien","RB","FA"
"500","10500","Pryor, Terrelle","QB","OAK"
"501","10501","Spann, Chad","RB","HOU"
"502","10508","Jean, Lestar","WR","HOU"
"503","10511","Maehl, Jeff","WR","PHI"
"504","10512","Smith, Armond","RB","FA"
"505","10515","Tanner, Phillip","RB","DAL"
"506","10517","Morgan, Joseph","WR","NOS"
"507","10521","Reuland, Konrad","TE","NYJ"
"508","10527","Baldwin, Doug","WR","SEA"
"509","10530","Harris, DuJuan","RB","GBP"
"510","10531","Gilreath, David","WR","FA"
"511","10537","Williams, LaQuan","WR","FA"
"512","10539","Yeatman, Will","TE","FA"
"513","10551","Brockel, Richie","TE","CAR"
"514","10552","Clutts, Tyler","RB","DAL"
"515","10553","Adams, Kyle","TE","TBB"
"516","10561","McNeill, Mike","TE","STL"
"517","10563","Newsome, Jamar","WR","FA"
"518","10564","Reisner, Allen","TE","JAC"
"519","10567","Hynoski, Henry","RB","NYG"
"520","10601","Hawkins, Andrew","WR","CIN"
"521","10608","Baker, Josh","TE","FA"
"522","10651","Aiken, Kamar","WR","FA"
"523","10657","Maneri, Steve","TE","FA"
"524","10674","Holmes, Andre","WR","OAK"
"525","10679","Allen, Armando","RB","FA"
"526","10681","Brock, Kevin","TE","CIN"
"527","10686","Cone, Kevin","WR","ATL"
"528","10689","Draughn, Shaun","RB","FA"
"529","10692","Smith, Andre","TE","CLE"
"530","10695","Luck, Andrew","QB","IND"
"531","10696","Griffin III, Robert","QB","WAS"
"532","10697","Tannehill, Ryan","QB","MIA"
"533","10698","Weeden, Brandon","QB","CLE"
"534","10699","Foles, Nick","QB","PHI"
"535","10700","Cousins, Kirk","QB","WAS"
"536","10701","Moore, Kellen","QB","DET"
"537","10702","Osweiler, Brock","QB","DEN"
"538","10703","Wilson, Russell","QB","SEA"
"539","10705","Lindley, Ryan","QB","ARI"
"540","10706","Richardson, Trent","RB","IND"
"541","10707","Wilson, David","RB","NYG"
"542","10708","Miller, Lamar","RB","MIA"
"543","10709","Martin, Doug","RB","TBB"
"544","10710","Polk, Chris","RB","PHI"
"545","10711","James, LaMichael","RB","SFO"
"546","10712","Rainey, Chris","RB","IND"
"547","10713","Pierce, Bernard","RB","BAL"
"548","10714","Turbin, Robert","RB","SEA"
"549","10715","Ballard, Vick","RB","IND"
"550","10716","Demps, Jeff","RB","TBB"
"551","10717","Gray, Cyrus","RB","KCC"
"552","10718","Pead, Isaiah","RB","STL"
"553","10719","Blackmon, Justin","WR","JAC"
"554","10720","Wright, Kendall","WR","TEN"
"555","10721","Floyd, Michael","WR","ARI"
"556","10722","Jeffery, Alshon","WR","CHI"
"557","10723","Sanu, Mohamed","WR","CIN"
"558","10724","Adams, Joe","WR","FA"
"559","10725","Randle, Rueben","WR","NYG"
"560","10726","McNutt, Marvin","WR","CAR"
"561","10727","Jones, Dwight","WR","FA"
"562","10728","Fuller, Jeff","WR","FA"
"563","10729","Hilton, T.Y.","WR","IND"
"564","10730","Posey, DeVier","WR","HOU"
"565","10731","Toon, Nick","WR","NOS"
"566","10732","Broyles, Ryan","WR","DET"
"567","10733","Edwards, Patrick","WR","DET"
"568","10734","Wright, Jarius","WR","MIN"
"569","10735","Quick, Brian","WR","STL"
"570","10736","Givens, Chris","WR","STL"
"571","10737","Benjamin, Travis","WR","CLE"
"572","10738","Jones, Marvin","WR","CIN"
"573","10739","Cunningham, B.J.","WR","PHI"
"574","10740","Page, Eric","WR","TBB"
"575","10741","Owusu, Chris","WR","TBB"
"576","10742","Allen, Dwayne","TE","IND"
"577","10743","Fleener, Coby","TE","IND"
"578","10744","Green, Ladarius","TE","SDC"
"579","10745","Egnew, Michael","TE","MIA"
"580","10747","Charles, Orson","TE","CIN"
"581","10794","Adams, Kris","WR","NYG"
"582","10795","Taylor, Kerry","WR","JAC"
"583","10797","Ross, Jeremy","WR","DET"
"584","10799","Radway, Raymond","WR","FA"
"585","10800","Hill, Stephen","WR","NYJ"
"586","10801","Smith, Hayden","TE","FA"
"587","10803","Jenkins, A.J.","WR","KCC"
"588","10804","Davis, Tristan","RB","FA"
"589","10812","Hillman, Ronnie","RB","DEN"
"590","10813","Graham, T.J.","WR","BUF"
"591","10828","Wylie, Devon","WR","SFO"
"592","10830","Rodriguez, Evan","TE","BUF"
"593","10835","Martin, Keshawn","WR","HOU"
"594","10837","Robinson, Adrien","TE","NYG"
"595","10838","Ellison, Rhett","TE","MIN"
"596","10843","Childs, Greg","WR","MIN"
"597","10852","Thompson, Taylor","TE","TEN"
"598","10856","Coale, Danny","WR","FA"
"599","10860","Ewing, Bradie","RB","ATL"
"600","10866","Criner, Juron","WR","OAK"
"601","10870","Morris, Alfred","RB","WAS"
"602","10877","Hanna, James","TE","DAL"
"603","10881","Herron, Dan","RB","IND"
"604","10885","Streeter, Tommy","WR","TBB"
"605","10886","Ganaway, Terrance","RB","FA"
"606","10889","Brazill, LaVon","WR","IND"
"607","10893","Smith, Michael","RB","TBB"
"608","10903","Matthews, Rishard","WR","MIA"
"609","10905","Brown, Bryce","RB","PHI"
"610","10907","Clemons, Toney","WR","CAR"
"611","10910","Ebert, Jeremy","WR","JAC"
"612","10913","Hemingway, Junior","WR","KCC"
"613","10915","Paulson, David","TE","PIT"
"614","10916","Coleman, B.J.","QB","FA"
"615","10917","White, Jordan","WR","FA"
"616","10920","Smelley, Brad","TE","HOU"
"617","10922","Baker, Edwin","RB","CLE"
"618","10924","Richardson, Daryl","RB","STL"
"619","10927","Poole, Tauren","RB","PIT"
"620","10929","Rainey, Bobby","RB","TBB"
"621","10930","Boykin, Jarrett","WR","GBP"
"622","10932","Bolden, Brandon","RB","NEP"
"623","10935","Tanney, Alex","QB","CLE"
"624","10940","Carrier, Derek","TE","SFO"
"625","10948","Keenum, Case","QB","HOU"
"626","10949","Mooney, Collin","RB","TEN"
"627","10953","Johnson, Damaris","WR","PHI"
"628","10954","Cooper, Josh","WR","CLE"
"629","10955","Streater, Rod","WR","OAK"
"630","10956","Thompson, Deonte","WR","BAL"
"631","10958","Givens, Chris","WR","FA"
"632","10960","Gordon, Josh","WR","CLE"
"633","10961","Dunbar, Lance","RB","DAL"
"634","10967","Byrd, Laron","WR","ARI"
"635","10968","Lewis, Lance","WR","WAS"
"636","10971","Gallarda, Tommy","TE","FA"
"637","10972","Brackett, Brett","TE","ARI"
"638","10973","Beasley, Cole","WR","DAL"
"639","10975","Grimes, Jonathan","RB","HOU"
"640","10977","Douglas, David","WR","FA"
"641","10978","Cadet, Travaris","RB","NOS"
"642","10983","Hogan, Chris","WR","BUF"
"643","10984","Powell, William","RB","FA"
"644","10985","Olawale, Jamize","RB","OAK"
"645","10987","Whalen, Griff","WR","IND"
"646","10988","Eachus, Nate","RB","FA"
"647","10991","Davis, Dominique","QB","ATL"
"648","10992","Lane, Jorvorskie","RB","FA"
"649","10998","Asiata, Matt","RB","MIN"
"650","11001","Davis, Austin","QB","STL"
"651","11002","Bethel-Thompson, McLeod","QB","SFO"
"652","11004","Jones, Dominique","TE","KCC"
"653","11005","Elliott, Kevin","WR","BUF"
"654","11006","Thigpen, Marcus","RB","MIA"
"655","11007","Celek, Garrett","TE","SFO"
"656","11015","Johnson, Will","RB","PIT"
"657","11018","Noble, Danny","TE","JAC"
"658","11019","Davis, Drew","WR","ATL"
"659","11057","Palmer, Nathan","WR","FA"
"660","11074","Hughes, Robert","RB","ARI"
"661","11076","Kearse, Jermaine","WR","SEA"
"662","11081","Ta'ufo'ou, Will","RB","JAC"
"663","11083","Stewart, Jeremy","RB","OAK"
"664","11086","Miller, Kyle","TE","FA"
"665","11089","Harkey, Cory","TE","STL"
"666","11098","Hampton, Jewel","RB","SFO"
"667","11099","Murphy, Richard","RB","FA"
"668","11100","DiMarco, Patrick","RB","ATL"
"669","11101","Develin, James","RB","NEP"
"670","11104","Bellamy, Josh","WR","WAS"
"671","11105","Preston, Michael","WR","TEN"
"672","11113","Barden, Brandon","TE","JAC"
"673","11117","Anderson, Joe","WR","FA"
"674","11120","Willie, Mike","WR","SDC"
"675","11121","Brown, Mike","WR","JAC"
"676","11122","Hakim, Saalim","WR","NYJ"
"677","11123","McGrath, Sean","TE","KCC"
"678","11125","Bostick, Brandon","TE","GBP"
"679","11132","Jackson, Jerrell","WR","FA"
"680","11133","McCoy, Jamie","TE","FA"
"681","11150","Smith, Geno","QB","NYJ"
"682","11151","Barkley, Matt","QB","PHI"
"683","11152","Glennon, Mike","QB","TBB"
"684","11153","Wilson, Tyler","QB","TEN"
"685","11154","Manuel, E.J.","QB","BUF"
"686","11155","Nassib, Ryan","QB","NYG"
"687","11156","Jones, Landry","QB","PIT"
"688","11157","Dysert, Zac","QB","DEN"
"689","11158","Sorensen, Brad","QB","SDC"
"690","11159","Rodgers, Jordan","QB","TBB"
"691","11160","Klein, Collin","QB","FA"
"692","11161","Scott, Matt","QB","JAC"
"693","11162","Renfree, Sean","QB","ATL"
"694","11163","Carder, Alex","QB","FA"
"695","11164","Vandenberg, James","QB","FA"
"696","11165","Crist, Dayne","QB","FA"
"697","11166","Tuel, Jeff","QB","BUF"
"698","11167","Katz, Ryan","QB","FA"
"699","11168","Doege, Seth","QB","FA"
"700","11169","Aplin, Ryan","QB","FA"
"701","11170","Bray, Tyler","QB","KCC"
"702","11171","Cameron, Colby","QB","FA"
"703","11172","Florence, Nick","QB","FA"
"704","11173","Padron, Kyle","QB","OAK"
"705","11174","Ball, Montee","RB","DEN"
"706","11175","Ellington, Andre","RB","ARI"
"707","11176","Taylor, Stepfan","RB","ARI"
"708","11177","Barner, Kenjon","RB","CAR"
"709","11178","Graham, Ray","RB","HOU"
"710","11179","Michael, Christine","RB","SEA"
"711","11180","Gillislee, Mike","RB","MIA"
"712","11181","Franklin, Johnathan","RB","GBP"
"713","11182","Burkhead, Rex","RB","CIN"
"714","11183","Johnson, Dennis","RB","HOU"
"715","11184","Harper, D.J.","RB","FA"
"716","11185","Williams, Kerwynn","RB","SDC"
"717","11186","Thompson, Chris","RB","WAS"
"718","11187","Harris, Montel","RB","FA"
"719","11188","Riddick, Theo","RB","DET"
"720","11189","Stacy, Zac","RB","STL"
"721","11190","James, Mike","RB","TBB"
"722","11191","McCalebb, Onterio","RB","CIN"
"723","11192","Bell, Le'Veon","RB","PIT"
"724","11193","Bernard, Giovani","RB","CIN"
"725","11194","Davis, Knile","RB","KCC"
"726","11195","Ford, Michael","RB","CHI"
"727","11196","Jamison, Jawan","RB","WAS"
"728","11197","Jefferson, Stefphon","RB","FA"
"729","11198","Lattimore, Marcus","RB","SFO"
"730","11199","Ware, Spencer","RB","SEA"
"731","11200","Randle, Joseph","RB","DAL"
"732","11201","Lacy, Eddie","RB","GBP"
"733","11202","Wood, Cierre","RB","BAL"
"734","11204","Whaley, Dominique","RB","SEA"
"735","11205","White, John","RB","FA"
"736","11206","McNeal, Curtis","RB","FA"
"737","11207","Jones, Perry","RB","FA"
"738","11208","Wingo, Ronnie","RB","BUF"
"739","11209","Rouse, Robbie","RB","FA"
"740","11210","Robinson, Denard","RB","JAC"
"741","11211","Williams, Terrance","WR","DAL"
"742","11212","Hunter, Justin","WR","TEN"
"743","11213","Austin, Tavon","WR","STL"
"744","11214","Dobson, Aaron","WR","NEP"
"745","11215","Hamilton, Cobi","WR","CIN"
"746","11216","Davis, Marcus","WR","FA"
"747","11217","Mellette, Aaron","WR","BAL"
"748","11218","Patton, Quinton","WR","SFO"
"749","11219","King, Tavarres","WR","CAR"
"750","11220","Fuller, Corey","WR","DET"
"751","11221","Smith, Rodney","WR","MIN"
"752","11222","Allen, Keenan","WR","SDC"
"753","11223","Bailey, Stedman","WR","STL"
"754","11224","Boyce, Josh","WR","NEP"
"755","11225","Patterson, Cordarrelle","WR","MIN"
"756","11226","Rogers, Da'Rick","WR","IND"
"757","11227","Stills, Kenny","WR","NOS"
"758","11228","Woods, Robert","WR","BUF"
"759","11229","Wheaton, Markus","WR","PIT"
"760","11230","Vernon, Conner","WR","CLE"
"761","11231","Wilson, Marquess","WR","CHI"
"762","11232","Hopkins, DeAndre","WR","HOU"
"763","11233","Sanders, Ace","WR","JAC"
"764","11234","Swope, Ryan","WR","ARI"
"765","11235","Harper, Chris","WR","GBP"
"766","11236","Blake, Emory","WR","STL"
"767","11237","Shepard, Russell","WR","TBB"
"768","11238","Roundtree, Roy","WR","FA"
"769","11239","Goodwin, Marquise","WR","BUF"
"770","11240","Rogers, Zach","WR","FA"
"771","11241","Goard, Tyrone","WR","FA"
"772","11242","Kaufman, Brandon","WR","FA"
"773","11243","Fauria, Joseph","TE","DET"
"774","11244","Kelce, Travis","TE","KCC"
"775","11245","Stoneburner, Jake","TE","GBP"
"776","11246","Lutzenkirchen, Philip","TE","FA"
"777","11247","Ertz, Zach","TE","PHI"
"778","11248","Reed, Jordan","TE","WAS"
"779","11249","Sims, Dion","TE","MIA"
"780","11250","Eifert, Tyler","TE","CIN"
"781","11251","Escobar, Gavin","TE","DAL"
"782","11252","Toilolo, Levine","TE","ATL"
"783","11253","Otten, Ryan","TE","SDC"
"784","11254","Williams, Michael","TE","DET"
"785","11255","Kasa, Nick","TE","OAK"
"786","11256","Gragg, Chris","TE","BUF"
"787","11257","McDonald, Vance","TE","SFO"
"788","11258","Rivera, Mychal","TE","OAK"
"789","11259","Sudfeld, Zach","TE","NYJ"
"790","11332","Gray, Jonas","RB","NEP"
"791","11337","Fells, Darren","TE","ARI"
"792","11342","Whittaker, Fozzy","RB","CLE"
"793","11343","Momah, Ifeanyi","WR","PHI"
"794","11367","Juszczyk, Kyle","RB","BAL"
"795","11381","Willson, Luke","TE","SEA"
"796","11390","Murray, Latavius","RB","OAK"
"797","11393","Brown, Justin","WR","FA"
"798","11397","Bonner, Alan","WR","HOU"
"799","11399","Griffin, Ryan","TE","HOU"
"800","11401","Wilson, Braden","RB","FA"
"801","11406","Butler, Brice","WR","OAK"
"802","11408","Bohanon, Tommy","RB","NYJ"
"803","11409","Johnson, Charles","WR","CLE"
"804","11411","Jefferson, D.C.","TE","CAR"
"805","11413","Dorsey, Kevin","WR","GBP"
"806","11420","Daniels, B.J.","QB","FA"
"807","11426","Cox, Michael","RB","NYG"
"808","11429","Cunningham, Justice","TE","STL"
"809","11430","Maysonet, Miguel","RB","PIT"
"810","11431","Tucker, Matthew","RB","PHI"
"811","11432","Cunningham, Benny","RB","STL"
"812","11433","Moe, T.J.","WR","NEP"
"813","11434","Gray, MarQueis","TE","CLE"
"814","11435","Hill, Michael","RB","TBB"
"815","11436","Harrison, Mark","WR","NEP"
"816","11437","Sinkfield, Terrell","WR","FA"
"817","11438","Palmer, Tobais","WR","SDC"
"818","11440","Thompkins, Kenbrell","WR","NEP"
"819","11441","Griffin, Ryan","QB","NOS"
"820","11445","Spadola, Ryan","WR","FA"
"821","11446","Roberts, Jordan","RB","FA"
"822","11448","Harris, Demetrius","TE","FA"
"823","11450","Miller, Steven","RB","DET"
"824","11451","McGuffie, Sam","WR","NEP"
"825","11453","Silvestro, Alex","TE","FA"
"826","11454","Anderson, C.J.","RB","DEN"
"827","11455","Collins, Jasper","WR","FA"
"828","11456","Brown, Jaron","WR","ARI"
"829","11458","Gill, Robert","WR","FA"
"830","11459","Orton, Greg","WR","NEP"
"831","11464","Kelley, Jeremy","WR","FA"
"832","11465","McGloin, Matt","QB","OAK"
"833","11466","Robinson, Khiry","RB","NOS"
"834","11469","Furstenburg, Matt","TE","FA"
"835","11470","Ashford, Perez","WR","FA"
"836","11471","Jenkins, Greg","WR","OAK"
"837","11473","Bumphis, Chad","WR","JAC"
"838","11474","Line, Zach","RB","MIN"
"839","11475","Rogers, Eric","WR","FA"
"840","11476","Marshall, Cameron","RB","MIA"
"841","11477","Richardson, Rico","WR","HOU"
"842","11478","Helmick, Andrew","WR","FA"
"843","11479","DePalma, Dan","WR","SDC"
"844","11481","Brown, Marlon","WR","BAL"
"845","11482","Tanner, Andy","WR","NOS"
"846","11484","Walker, Tyrone","WR","FA"
"847","11486","Thomas, Lamaar","WR","JAC"
"848","11494","Simms, Matt","QB","NYJ"
"849","11495","Johnson, Darius","WR","ATL"
"850","11496","Moye, Derek","WR","PIT"
"851","11497","Sims, Quentin","WR","FA"
"852","11505","Milton, Keavon","TE","CLE"
"853","11510","Williams, Brandon","TE","CAR"
"854","11516","Doyle, Jack","TE","IND"
"855","11521","Donnell, Larry","TE","NYG"
"856","11524","Coleman, Derrick","RB","SEA"
"857","11526","Wright, Tim","TE","TBB"
"858","11529","Hill, Josh","TE","NOS"
"859","11540","Reynolds, Chase","RB","STL"
"860","11565","Campbell, Michael","WR","NYJ"
"861","11570","Golden, Brittan","WR","ARI"
"862","11571","Byrne, Jake","TE","SDC"
"863","11581","White, Myles","WR","GBP"
"864","11582","Dawson, Skye","WR","TBB"
"865","11584","Tyms, Brian","WR","CLE"
"866","11587","Ford, Chase","TE","MIN"
"867","11600","Williams, Nick","WR","WAS"
"868","11604","Pryor, Lonnie","RB","TBB"
"869","11606","Pantale, Chris","TE","NYJ"
"870","11614","Banyard, Joe","RB","MIN"
"871","11615","Veltung, Justin","WR","STL"
"872","11617","Talley, Julian","WR","NYG"
"873","11624","Veldman, Matt","TE","DET"
"874","11633","Isles, Carlin","RB","DET"
